// solution (time limit exceeded) with objective 4474153
// Quality Incumbent solution:
// MILP objective                                 4,4741530000e+06
// MILP solution norm |x| (Total, Max)            6,30380e+04  1,61000e+02
// MILP solution error (Ax=b) (Total, Max)        0,00000e+00  0,00000e+00
// MILP x bound error (Total, Max)                0,00000e+00  0,00000e+00
// MILP x integrality error (Total, Max)          0,00000e+00  0,00000e+00
// MILP slack bound error (Total, Max)            0,00000e+00  0,00000e+00
// 

Y = [[1
             1 1 1 1 1 1 1 1 1 1 1 1 1 1 1 1 1 1 1 1 1 1 1 1 1 1 1 1 1]
             [1 1 1 1 1 1 1 0 1 1 1 1 1 1 1 1 1 1 1 1 1 1 1 1 1 1 1 1 1 1]
             [1 1 1 1 1 1 1 0 1 1 1 1 1 1 1 1 1 1 1 1 1 1 1 1 1 1 1 1 1 1]
             [1 1 1 1 1 1 1 0 1 1 1 1 1 1 1 1 1 1 0 1 1 1 1 1 0 1 1 1 1 1]
             [0 1 1 1 1 1 1 1 1 1 1 1 1 1 1 1 1 1 0 1 1 1 1 1 1 1 1 1 1 1]
             [0 1 1 1 1 1 1 1 1 1 1 1 1 1 1 1 1 1 0 1 1 1 1 1 1 1 1 1 1 1]
             [0 1 1 1 1 1 1 0 1 1 1 1 1 1 1 1 1 1 1 1 1 1 1 1 0 1 1 1 1 1]
             [0 1 1 1 1 1 1 0 1 1 1 1 1 1 1 1 1 1 1 1 1 1 1 1 1 1 1 1 1 1]
             [0 1 1 1 1 1 1 0 1 1 1 1 1 1 1 1 1 1 1 1 1 1 1 1 1 1 1 1 1 1]
             [0 1 1 1 1 1 1 1 1 1 1 1 1 1 1 1 1 1 1 1 1 1 1 1 1 1 1 1 1 1]
             [0 1 1 1 1 1 1 1 1 1 1 1 1 1 1 1 1 1 0 1 1 1 1 1 1 1 1 1 1 1]
             [0 1 1 1 1 1 1 0 1 1 1 1 1 1 1 1 1 1 1 1 1 1 1 1 1 1 1 1 1 0]
             [0 1 1 1 1 1 1 0 1 1 1 1 1 1 1 1 1 1 1 1 1 1 1 1 1 1 1 1 1 1]
             [0 1 1 1 1 1 1 1 1 1 1 1 1 1 1 1 1 1 0 1 1 1 1 1 1 1 1 1 1 1]
             [0 1 1 0 1 1 1 0 1 1 1 1 1 1 1 1 1 1 1 1 1 1 1 1 1 1 0 1 1 1]
             [0 1 1 0 1 1 1 0 1 1 1 1 1 1 1 1 1 1 0 1 1 0 0 0 0 1 1 1 1 1]
             [0 1 0 0 1 1 1 0 1 1 1 0 1 0 1 1 0 1 0 1 1 0 0 0 1 1 0 1 1 1]
             [0 1 1 1 0 0 1 0 1 0 1 0 1 0 1 1 1 1 0 1 1 1 1 0 1 1 0 1 0 1]
             [0 0 1 0 1 0 0 0 0 0 1 0 0 0 1 1 0 1 0 1 1 0 0 1 0 1 0 1 1 1]
             [0 0 0 0 0 1 0 0 1 0 0 1 1 0 1 1 0 1 0 1 0 0 0 0 0 1 0 1 0 1]
             [0 1 0 0 0 0 0 0 0 0 0 0 0 0 1 1 1 0 1 0 1 0 0 0 0 1 0 1 0 1]
             [0 0 0 0 0 0 0 0 1 0 0 0 0 0 0 0 0 0 1 0 0 0 0 0 0 1 0 0 0 1]
             [0 0 0 0 0 0 0 0 0 0 0 0 0 0 0 0 0 0 0 0 0 0 0 0 0 0 0 0 0 1]
             [0 0 0 0 0 0 0 0 0 0 0 0 0 0 0 0 0 0 0 0 0 0 0 0 0 0 0 0 0 1]
             [0 0 0 0 0 0 0 0 0 1 0 0 0 0 0 0 0 0 0 0 0 0 0 0 0 0 0 0 0 1]
             [0 0 0 0 0 0 0 0 0 1 0 0 0 0 0 0 0 0 1 0 0 0 0 0 0 0 0 0 0 1]
             [0 0 0 0 0 0 0 1 0 0 0 0 0 0 0 0 0 0 0 0 0 0 0 0 0 0 0 0 0 1]
             [0 0 0 0 0 0 0 0 0 0 1 0 0 0 0 0 0 0 1 0 0 0 0 0 0 0 0 0 0 1]
             [0 0 0 0 0 0 0 0 0 0 0 0 0 0 0 0 0 1 0 0 0 0 0 0 0 0 0 0 0 1]
             [0 0 0 0 0 0 0 0 0 0 0 0 0 0 0 1 0 0 0 0 0 0 0 0 0 0 0 0 0 1]];
I = [[0 0 0 0 0 0 0 0 0 0 0 0 0 0 0 0 0 4 0 0 0 0 0 0 11 11 0 0 0 0]
             [0 0 0 0 0 0 0 0 0 0 0 0 0 0 0 0 0 0 0 0 0 0 0 0 0 0 0 0 0 45]
             [0 0 0 0 0 0 0 0 0 0 0 0 0 0 0 0 0 0 4 0 0 0 0 0 0 0 0 0 0 40]
             [0 0 0 0 0 0 0 0 0 0 0 0 0 0 0 0 0 0 0 0 0 0 0 0 0 0 0 0 0 104]
             [0 0 0 0 0 0 0 0 0 0 0 0 0 0 0 0 0 0 0 0 0 0 0 0 0 0 0 0 0 89]
             [0 0 0 0 0 0 0 0 0 0 0 0 0 0 0 0 0 0 0 0 0 0 0 0 0 0 0 0 0 120]
             [0 0 0 0 0 0 0 0 0 0 0 0 0 0 0 0 0 0 0 0 0 0 0 0 0 0 0 0 0 24]
             [0 0 0 0 0 0 0 0 0 0 0 0 0 0 0 0 0 0 0 0 0 0 0 0 0 0 0 0 0 79]
             [0 0 0 0 0 0 0 0 0 0 0 0 0 0 0 0 0 0 0 0 0 0 0 0 0 0 0 0 0 117]
             [0 0 0 0 0 0 0 0 0 0 0 0 0 0 0 0 0 0 0 0 0 0 0 0 0 0 0 0 0 117]
             [0 0 0 0 0 0 0 0 0 0 0 0 0 0 0 0 0 0 0 0 0 0 0 0 0 0 0 0 0 150]
             [0 0 0 0 0 0 0 0 0 0 0 0 0 0 0 0 0 0 0 0 0 0 0 0 0 0 0 0 0 113]
             [0 0 0 0 0 0 0 0 0 0 0 0 0 0 0 0 0 0 0 0 0 0 0 0 0 0 0 0 0 99]
             [0 0 0 0 0 0 0 0 0 0 0 0 0 0 0 0 0 0 0 0 0 0 0 0 0 0 0 0 0 104]
             [0 0 0 0 0 0 0 0 0 0 0 0 0 0 0 0 0 0 0 0 0 0 0 0 0 0 0 0 0 128]
             [0 0 0 0 0 0 0 0 0 0 0 0 0 0 0 0 0 0 0 0 0 0 0 0 0 0 0 0 0 0]
             [0 0 0 0 0 0 0 0 0 0 0 0 0 0 0 0 0 0 0 0 0 0 0 0 0 0 0 0 0 41]
             [0 0 0 0 0 0 0 17 0 0 0 0 0 0 0 0 0 0 0 0 0 0 0 0 0 0 0 0 0 128]
             [0 0 0 0 0 0 0 0 0 0 0 0 0 0 0 0 0 0 0 0 0 0 0 0 0 0 0 0 0 57]
             [0 0 0 0 0 0 0 0 0 0 0 0 0 0 0 0 0 0 0 0 0 0 0 0 0 0 0 0 0 62]
             [0 0 0 0 0 0 0 0 0 0 0 0 0 0 0 0 0 0 0 0 0 0 0 0 0 0 0 0 0 127]
             [0 0 0 0 0 0 0 0 0 0 0 0 0 0 0 0 0 0 0 0 0 0 0 0 0 0 0 0 0 8]
             [0 0 0 0 0 0 0 0 0 0 0 0 0 0 0 0 0 0 0 0 0 0 0 0 0 0 0 0 0 3]
             [0 0 0 0 0 0 0 0 0 0 0 0 0 0 0 0 0 0 0 0 0 0 0 0 0 0 0 0 0 79]
             [0 0 0 0 0 0 0 0 0 0 0 0 0 0 0 0 0 0 0 0 0 0 0 0 0 0 0 0 0 119]
             [0 0 0 0 0 0 0 0 0 0 0 0 0 0 0 0 0 0 0 0 0 0 0 0 0 0 0 0 0 97]
             [0 0 0 0 0 0 0 0 0 0 0 0 0 0 0 0 0 0 0 0 0 0 0 0 2 0 0 0 0 122]
             [0 0 0 0 0 0 0 0 0 0 0 0 0 0 0 0 0 0 0 0 0 0 0 0 0 0 0 0 0 0]
             [0 0 0 0 0 0 0 0 0 0 0 0 0 0 0 0 0 0 0 0 0 0 0 0 0 0 0 0 0 0]
             [0 0 0 0 0 0 0 0 0 0 0 0 0 0 0 0 0 0 0 0 0 0 0 0 0 0 0 0 0 47]];
L = [[115 104 110 33 140 87 3 75 80 30 87 26 47 118 43 0 51 19 51 74 42 87 108
             34 29 27 34 41 108 0]
             [4 53 135 133 44 56 33 23 102 131 0 49 144 34 95 32 132 39 148
             12 39 122 97 137 77 37 99 47 130 0]
             [98 0 0 132 8 1 121 25 61 0 83 74 37 47 106 11 101 93 0 85 41
             46 77 24 43 83 0 1 51 0]
             [150 41 116 42 82 97 129 7 112 13 134 31 78 105 124 17 40 118
             95 76 62 49 27 13 7 30 33 57 126 0]
             [102 117 143 74 137 106 52 93 71 126 97 35 0 88 124 36 9 29 100
             49 134 19 74 69 128 129 123 11 4 0]
             [92 57 65 26 93 93 135 4 95 9 7 0 14 96 76 21 82 46 134 131 64
             49 109 38 120 11 144 105 73 0]
             [23 51 44 56 86 52 97 15 80 105 127 131 9 122 16 17 32 102 86
             5 101 55 81 34 87 7 119 0 115 0]
             [84 8 104 100 22 12 25 27 44 41 96 98 86 153 49 13 117 142 83
             130 11 67 83 78 60 84 63 38 5 0]
             [85 109 57 145 75 39 18 0 79 14 58 122 88 52 17 79 146 70 21 107
             119 79 61 76 32 107 57 2 46 0]
             [132 49 93 15 38 38 81 0 96 91 100 150 77 83 118 76 84 107 90
             51 61 82 77 125 106 23 96 126 19 0]
             [149 126 103 67 114 106 19 49 77 112 52 41 137 55 125 2 134 89
             107 116 29 137 76 50 102 62 29 24 80 0]
             [63 78 90 87 2 10 28 0 77 71 21 105 129 27 120 36 37 11 3 114
             80 102 56 0 79 3 101 21 2 0]
             [83 16 49 10 91 126 92 79 101 0 124 78 19 56 10 1 120 135 61 68
             39 132 108 133 124 46 145 4 57 0]
             [74 121 56 18 115 9 0 59 16 137 23 23 115 34 114 40 5 35 20 113
             29 116 3 89 18 34 147 86 13 0]
             [129 8 88 21 45 64 36 53 138 80 118 9 27 89 0 17 116 124 125 85
             111 70 125 101 0 34 146 102 29 0]
             [87 137 146 27 79 56 147 69 127 42 39 69 95 131 67 125 105 0 25
             15 101 36 21 160 65 137 60 59 59 11]
             [111 93 41 152 45 48 92 90 33 67 59 133 126 118 122 71 51 78 94
             68 14 108 26 140 108 69 50 65 97 0]
             [75 91 6 42 144 102 106 0 52 7 112 43 68 46 75 52 13 21 72 138
             38 45 3 74 117 10 4 132 33 0]
             [120 71 47 0 131 75 138 1 100 122 125 39 39 89 5 27 0 90 133 0
             122 0 1 14 95 75 91 115 38 0]
             [111 117 70 159 33 97 118 0 39 42 125 82 106 25 16 136 35 131
             133 11 0 40 37 92 72 111 55 85 53 0]
             [112 56 127 47 0 96 44 99 13 98 73 92 61 0 115 85 137 80 2 135
             72 57 70 142 11 4 58 1 58 0]
             [24 131 83 8 60 80 7 72 25 1 22 109 12 120 107 88 79 102 112 78
             118 67 73 79 16 24 24 12 87 0]
             [0 30 44 116 96 86 129 75 132 1 95 122 68 130 139 1 32 50 29 97
             144 126 61 54 141 129 104 114 123 0]
             [10 146 93 20 12 124 2 52 26 62 111 47 46 113 110 57 98 123 102
             117 5 18 91 111 133 73 35 22 0 0]
             [39 3 31 48 125 51 33 89 49 147 21 14 124 38 33 21 67 143 66 85
             21 39 154 65 105 119 108 27 40 0]
             [141 132 147 67 18 106 12 53 41 119 82 97 33 79 9 109 83 1 24
             74 45 104 110 26 95 55 66 33 39 0]
             [33 20 31 44 148 83 90 9 120 76 47 76 31 129 63 130 108 58 88
             103 20 6 145 102 19 40 42 91 64 0]
             [31 35 14 89 89 20 82 109 5 144 42 23 46 144 137 38 76 52 59 96
             113 161 144 18 54 130 37 120 91 1]
             [57 127 51 133 81 0 15 85 41 133 68 107 102 10 40 96 3 103 106
             3 0 59 111 65 29 0 121 7 56 1]
             [9 79 22 42 79 50 67 58 0 76 76 5 112 96 4 45 122 19 3 79 13 27
             47 107 8 115 106 47 66 0]];
O = [0 0 0 0 0 0 0 0 0 0 0 0 0 0 0 0 0 0 0 0 0 0 0 0 0 0 0 0 0 0];
X = [[1 1 1 1 1 1 1 2 1 1 1 1 1 1 1 1 1 1 1 1 1 1 1 1 1 1 1 1 1 3]
             [1 1 1 1 1 1 1 0 1 1 1 1 1 1 1 1 1 1 1 1 1 1 1 1 1 1 1 1 1 3]
             [1 1 1 1 1 1 1 0 1 1 1 1 1 1 1 1 1 1 1 1 1 1 1 1 2 1 1 1 1 3]
             [1 1 1 1 1 1 1 0 1 1 1 1 1 1 1 1 1 1 0 1 1 1 1 1 0 1 1 1 1 2]
             [0 1 1 1 1 1 1 1 1 1 1 1 1 1 1 1 1 1 0 1 1 1 1 1 1 1 1 1 1 3]
             [0 1 1 1 1 1 1 1 1 1 1 1 1 1 1 1 1 1 0 1 1 1 1 1 1 1 1 1 1 3]
             [0 1 1 1 1 1 1 0 1 1 1 1 1 1 1 1 1 1 1 1 1 1 1 1 0 1 1 1 1 2]
             [0 1 1 1 1 1 1 0 1 1 1 1 1 1 1 1 1 1 1 1 1 1 1 1 2 1 1 1 1 2]
             [0 1 1 1 1 1 1 0 1 1 1 1 1 1 1 1 1 1 1 1 1 1 1 1 1 1 1 1 1 2]
             [0 1 1 1 1 1 1 1 1 1 1 1 1 1 1 1 1 1 1 1 1 1 1 1 1 1 1 1 1 2]
             [0 1 1 1 1 1 1 2 1 1 1 1 1 1 1 1 1 1 0 1 1 1 1 1 1 1 1 1 1 3]
             [0 1 1 1 1 1 1 0 1 1 1 1 1 1 1 1 1 1 1 1 1 1 1 1 1 1 1 1 1 0]
             [0 1 1 1 1 1 1 0 1 1 1 1 1 1 1 1 1 1 1 1 1 1 1 1 3 1 1 1 1 2]
             [0 1 1 1 1 1 1 9 1 1 1 1 1 1 1 1 1 1 0 1 1 1 1 1 1 1 1 1 1 2]
             [0 1 1 0 1 1 1 0 1 1 1 1 1 1 1 1 1 1 1 1 1 1 1 1 1 1 0 1 1 4]
             [0 1 1 0 1 1 1 0 1 1 1 1 1 1 1 1 1 1 0 1 1 0 0 0 0 1 1 1 1 2]
             [0 1 0 0 1 1 1 0 1 1 1 0 1 0 1 1 0 1 0 1 1 0 0 0 1 1 0 1 1 1]
             [0 1 1 1 0 0 1 0 1 0 1 0 1 0 1 1 1 1 0 1 1 1 1 0 3 1 0 1 0 2]
             [0 0 1 0 1 0 0 0 0 0 1 0 0 0 1 1 0 1 0 1 1 0 0 1 0 1 0 1 1 2]
             [0 0 0 0 0 1 0 0 1 0 0 1 1 0 1 1 0 1 0 1 0 0 0 0 0 1 0 1 0 2]
             [0 1 0 0 0 0 0 0 0 0 0 0 0 0 1 1 1 0 1 0 1 0 0 0 0 1 0 1 0 2]
             [0 0 0 0 0 0 0 0 1 0 0 0 0 0 0 0 0 0 1 0 0 0 0 0 0 1 0 0 0 2]
             [0 0 0 0 0 0 0 0 0 0 0 0 0 0 0 0 0 0 0 0 0 0 0 0 0 0 0 0 0 2]
             [0 0 0 0 0 0 0 0 0 0 0 0 0 0 0 0 0 0 0 0 0 0 0 0 0 0 0 0 0 2]
             [0 0 0 0 0 0 0 0 0 1 0 0 0 0 0 0 0 0 0 0 0 0 0 0 0 0 0 0 0 2]
             [0 0 0 0 0 0 0 0 0 1 0 0 0 0 0 0 0 0 2 0 0 0 0 0 0 0 0 0 0 2]
             [0 0 0 0 0 0 0 10 0 0 0 0 0 0 0 0 0 0 0 0 0 0 0 0 0 0 0 0 0 2]
             [0 0 0 0 0 0 0 0 0 0 1 0 0 0 0 0 0 0 3 0 0 0 0 0 0 0 0 0 0 2]
             [0 0 0 0 0 0 0 0 0 0 0 0 0 0 0 0 0 1 0 0 0 0 0 0 0 0 0 0 0 2]
             [0 0 0 0 0 0 0 0 0 0 0 0 0 0 0 1 0 0 0 0 0 0 0 0 0 0 0 0 0 3]];

Binary setup variable: [[1 1 1 1 1 1 1 1 1 1 1 1 1 1 1 1 1 1 1 1 1 1 1 1 1 1 1 1 1 1]
         [1 1 1 1 1 1 1 0 1 1 1 1 1 1 1 1 1 1 1 1 1 1 1 1 1 1 1 1 1 1]
         [1 1 1 1 1 1 1 0 1 1 1 1 1 1 1 1 1 1 1 1 1 1 1 1 1 1 1 1 1 1]
         [1 1 1 1 1 1 1 0 1 1 1 1 1 1 1 1 1 1 0 1 1 1 1 1 0 1 1 1 1 1]
         [0 1 1 1 1 1 1 1 1 1 1 1 1 1 1 1 1 1 0 1 1 1 1 1 1 1 1 1 1 1]
         [0 1 1 1 1 1 1 1 1 1 1 1 1 1 1 1 1 1 0 1 1 1 1 1 1 1 1 1 1 1]
         [0 1 1 1 1 1 1 0 1 1 1 1 1 1 1 1 1 1 1 1 1 1 1 1 0 1 1 1 1 1]
         [0 1 1 1 1 1 1 0 1 1 1 1 1 1 1 1 1 1 1 1 1 1 1 1 1 1 1 1 1 1]
         [0 1 1 1 1 1 1 0 1 1 1 1 1 1 1 1 1 1 1 1 1 1 1 1 1 1 1 1 1 1]
         [0 1 1 1 1 1 1 1 1 1 1 1 1 1 1 1 1 1 1 1 1 1 1 1 1 1 1 1 1 1]
         [0 1 1 1 1 1 1 1 1 1 1 1 1 1 1 1 1 1 0 1 1 1 1 1 1 1 1 1 1 1]
         [0 1 1 1 1 1 1 0 1 1 1 1 1 1 1 1 1 1 1 1 1 1 1 1 1 1 1 1 1 0]
         [0 1 1 1 1 1 1 0 1 1 1 1 1 1 1 1 1 1 1 1 1 1 1 1 1 1 1 1 1 1]
         [0 1 1 1 1 1 1 1 1 1 1 1 1 1 1 1 1 1 0 1 1 1 1 1 1 1 1 1 1 1]
         [0 1 1 0 1 1 1 0 1 1 1 1 1 1 1 1 1 1 1 1 1 1 1 1 1 1 0 1 1 1]
         [0 1 1 0 1 1 1 0 1 1 1 1 1 1 1 1 1 1 0 1 1 0 0 0 0 1 1 1 1 1]
         [0 1 0 0 1 1 1 0 1 1 1 0 1 0 1 1 0 1 0 1 1 0 0 0 1 1 0 1 1 1]
         [0 1 1 1 0 0 1 0 1 0 1 0 1 0 1 1 1 1 0 1 1 1 1 0 1 1 0 1 0 1]
         [0 0 1 0 1 0 0 0 0 0 1 0 0 0 1 1 0 1 0 1 1 0 0 1 0 1 0 1 1 1]
         [0 0 0 0 0 1 0 0 1 0 0 1 1 0 1 1 0 1 0 1 0 0 0 0 0 1 0 1 0 1]
         [0 1 0 0 0 0 0 0 0 0 0 0 0 0 1 1 1 0 1 0 1 0 0 0 0 1 0 1 0 1]
         [0 0 0 0 0 0 0 0 1 0 0 0 0 0 0 0 0 0 1 0 0 0 0 0 0 1 0 0 0 1]
         [0 0 0 0 0 0 0 0 0 0 0 0 0 0 0 0 0 0 0 0 0 0 0 0 0 0 0 0 0 1]
         [0 0 0 0 0 0 0 0 0 0 0 0 0 0 0 0 0 0 0 0 0 0 0 0 0 0 0 0 0 1]
         [0 0 0 0 0 0 0 0 0 1 0 0 0 0 0 0 0 0 0 0 0 0 0 0 0 0 0 0 0 1]
         [0 0 0 0 0 0 0 0 0 1 0 0 0 0 0 0 0 0 1 0 0 0 0 0 0 0 0 0 0 1]
         [0 0 0 0 0 0 0 1 0 0 0 0 0 0 0 0 0 0 0 0 0 0 0 0 0 0 0 0 0 1]
         [0 0 0 0 0 0 0 0 0 0 1 0 0 0 0 0 0 0 1 0 0 0 0 0 0 0 0 0 0 1]
         [0 0 0 0 0 0 0 0 0 0 0 0 0 0 0 0 0 1 0 0 0 0 0 0 0 0 0 0 0 1]
         [0 0 0 0 0 0 0 0 0 0 0 0 0 0 0 1 0 0 0 0 0 0 0 0 0 0 0 0 0 1]]
Quantite de desassemblage [[1 1 1 1 1 1 1 2 1 1 1 1 1 1 1 1 1 1 1 1 1 1 1 1 1 1 1 1 1 3]
         [1 1 1 1 1 1 1 0 1 1 1 1 1 1 1 1 1 1 1 1 1 1 1 1 1 1 1 1 1 3]
         [1 1 1 1 1 1 1 0 1 1 1 1 1 1 1 1 1 1 1 1 1 1 1 1 2 1 1 1 1 3]
         [1 1 1 1 1 1 1 0 1 1 1 1 1 1 1 1 1 1 0 1 1 1 1 1 0 1 1 1 1 2]
         [0 1 1 1 1 1 1 1 1 1 1 1 1 1 1 1 1 1 0 1 1 1 1 1 1 1 1 1 1 3]
         [0 1 1 1 1 1 1 1 1 1 1 1 1 1 1 1 1 1 0 1 1 1 1 1 1 1 1 1 1 3]
         [0 1 1 1 1 1 1 0 1 1 1 1 1 1 1 1 1 1 1 1 1 1 1 1 0 1 1 1 1 2]
         [0 1 1 1 1 1 1 0 1 1 1 1 1 1 1 1 1 1 1 1 1 1 1 1 2 1 1 1 1 2]
         [0 1 1 1 1 1 1 0 1 1 1 1 1 1 1 1 1 1 1 1 1 1 1 1 1 1 1 1 1 2]
         [0 1 1 1 1 1 1 1 1 1 1 1 1 1 1 1 1 1 1 1 1 1 1 1 1 1 1 1 1 2]
         [0 1 1 1 1 1 1 2 1 1 1 1 1 1 1 1 1 1 0 1 1 1 1 1 1 1 1 1 1 3]
         [0 1 1 1 1 1 1 0 1 1 1 1 1 1 1 1 1 1 1 1 1 1 1 1 1 1 1 1 1 0]
         [0 1 1 1 1 1 1 0 1 1 1 1 1 1 1 1 1 1 1 1 1 1 1 1 3 1 1 1 1 2]
         [0 1 1 1 1 1 1 9 1 1 1 1 1 1 1 1 1 1 0 1 1 1 1 1 1 1 1 1 1 2]
         [0 1 1 0 1 1 1 0 1 1 1 1 1 1 1 1 1 1 1 1 1 1 1 1 1 1 0 1 1 4]
         [0 1 1 0 1 1 1 0 1 1 1 1 1 1 1 1 1 1 0 1 1 0 0 0 0 1 1 1 1 2]
         [0 1 0 0 1 1 1 0 1 1 1 0 1 0 1 1 0 1 0 1 1 0 0 0 1 1 0 1 1 1]
         [0 1 1 1 0 0 1 0 1 0 1 0 1 0 1 1 1 1 0 1 1 1 1 0 3 1 0 1 0 2]
         [0 0 1 0 1 0 0 0 0 0 1 0 0 0 1 1 0 1 0 1 1 0 0 1 0 1 0 1 1 2]
         [0 0 0 0 0 1 0 0 1 0 0 1 1 0 1 1 0 1 0 1 0 0 0 0 0 1 0 1 0 2]
         [0 1 0 0 0 0 0 0 0 0 0 0 0 0 1 1 1 0 1 0 1 0 0 0 0 1 0 1 0 2]
         [0 0 0 0 0 0 0 0 1 0 0 0 0 0 0 0 0 0 1 0 0 0 0 0 0 1 0 0 0 2]
         [0 0 0 0 0 0 0 0 0 0 0 0 0 0 0 0 0 0 0 0 0 0 0 0 0 0 0 0 0 2]
         [0 0 0 0 0 0 0 0 0 0 0 0 0 0 0 0 0 0 0 0 0 0 0 0 0 0 0 0 0 2]
         [0 0 0 0 0 0 0 0 0 1 0 0 0 0 0 0 0 0 0 0 0 0 0 0 0 0 0 0 0 2]
         [0 0 0 0 0 0 0 0 0 1 0 0 0 0 0 0 0 0 2 0 0 0 0 0 0 0 0 0 0 2]
         [0 0 0 0 0 0 0 10 0 0 0 0 0 0 0 0 0 0 0 0 0 0 0 0 0 0 0 0 0 2]
         [0 0 0 0 0 0 0 0 0 0 1 0 0 0 0 0 0 0 3 0 0 0 0 0 0 0 0 0 0 2]
         [0 0 0 0 0 0 0 0 0 0 0 0 0 0 0 0 0 1 0 0 0 0 0 0 0 0 0 0 0 2]
         [0 0 0 0 0 0 0 0 0 0 0 0 0 0 0 1 0 0 0 0 0 0 0 0 0 0 0 0 0 3]]
Surcharge de desassemblage [0 0 0 0 0 0 0 0 0 0 0 0 0 0 0 0 0 0 0 0 0 0 0 0 0 0 0 0 0 0]
Niveau d'inventaire [[0 0 0 0 0 0 0 0 0 0 0 0 0 0 0 0 0 4 0 0 0 0 0 0 11 11 0 0 0 0]
         [0 0 0 0 0 0 0 0 0 0 0 0 0 0 0 0 0 0 0 0 0 0 0 0 0 0 0 0 0 45]
         [0 0 0 0 0 0 0 0 0 0 0 0 0 0 0 0 0 0 4 0 0 0 0 0 0 0 0 0 0 40]
         [0 0 0 0 0 0 0 0 0 0 0 0 0 0 0 0 0 0 0 0 0 0 0 0 0 0 0 0 0 104]
         [0 0 0 0 0 0 0 0 0 0 0 0 0 0 0 0 0 0 0 0 0 0 0 0 0 0 0 0 0 89]
         [0 0 0 0 0 0 0 0 0 0 0 0 0 0 0 0 0 0 0 0 0 0 0 0 0 0 0 0 0 120]
         [0 0 0 0 0 0 0 0 0 0 0 0 0 0 0 0 0 0 0 0 0 0 0 0 0 0 0 0 0 24]
         [0 0 0 0 0 0 0 0 0 0 0 0 0 0 0 0 0 0 0 0 0 0 0 0 0 0 0 0 0 79]
         [0 0 0 0 0 0 0 0 0 0 0 0 0 0 0 0 0 0 0 0 0 0 0 0 0 0 0 0 0 117]
         [0 0 0 0 0 0 0 0 0 0 0 0 0 0 0 0 0 0 0 0 0 0 0 0 0 0 0 0 0 117]
         [0 0 0 0 0 0 0 0 0 0 0 0 0 0 0 0 0 0 0 0 0 0 0 0 0 0 0 0 0 150]
         [0 0 0 0 0 0 0 0 0 0 0 0 0 0 0 0 0 0 0 0 0 0 0 0 0 0 0 0 0 113]
         [0 0 0 0 0 0 0 0 0 0 0 0 0 0 0 0 0 0 0 0 0 0 0 0 0 0 0 0 0 99]
         [0 0 0 0 0 0 0 0 0 0 0 0 0 0 0 0 0 0 0 0 0 0 0 0 0 0 0 0 0 104]
         [0 0 0 0 0 0 0 0 0 0 0 0 0 0 0 0 0 0 0 0 0 0 0 0 0 0 0 0 0 128]
         [0 0 0 0 0 0 0 0 0 0 0 0 0 0 0 0 0 0 0 0 0 0 0 0 0 0 0 0 0 0]
         [0 0 0 0 0 0 0 0 0 0 0 0 0 0 0 0 0 0 0 0 0 0 0 0 0 0 0 0 0 41]
         [0 0 0 0 0 0 0 17 0 0 0 0 0 0 0 0 0 0 0 0 0 0 0 0 0 0 0 0 0 128]
         [0 0 0 0 0 0 0 0 0 0 0 0 0 0 0 0 0 0 0 0 0 0 0 0 0 0 0 0 0 57]
         [0 0 0 0 0 0 0 0 0 0 0 0 0 0 0 0 0 0 0 0 0 0 0 0 0 0 0 0 0 62]
         [0 0 0 0 0 0 0 0 0 0 0 0 0 0 0 0 0 0 0 0 0 0 0 0 0 0 0 0 0 127]
         [0 0 0 0 0 0 0 0 0 0 0 0 0 0 0 0 0 0 0 0 0 0 0 0 0 0 0 0 0 8]
         [0 0 0 0 0 0 0 0 0 0 0 0 0 0 0 0 0 0 0 0 0 0 0 0 0 0 0 0 0 3]
         [0 0 0 0 0 0 0 0 0 0 0 0 0 0 0 0 0 0 0 0 0 0 0 0 0 0 0 0 0 79]
         [0 0 0 0 0 0 0 0 0 0 0 0 0 0 0 0 0 0 0 0 0 0 0 0 0 0 0 0 0 119]
         [0 0 0 0 0 0 0 0 0 0 0 0 0 0 0 0 0 0 0 0 0 0 0 0 0 0 0 0 0 97]
         [0 0 0 0 0 0 0 0 0 0 0 0 0 0 0 0 0 0 0 0 0 0 0 0 2 0 0 0 0 122]
         [0 0 0 0 0 0 0 0 0 0 0 0 0 0 0 0 0 0 0 0 0 0 0 0 0 0 0 0 0 0]
         [0 0 0 0 0 0 0 0 0 0 0 0 0 0 0 0 0 0 0 0 0 0 0 0 0 0 0 0 0 0]
         [0 0 0 0 0 0 0 0 0 0 0 0 0 0 0 0 0 0 0 0 0 0 0 0 0 0 0 0 0 47]]
Quantite de vente perdue [[115 104 110 33 140 87 3 75 80 30 87 26 47 118 43 0 51 19 51 74 42 87 108
         34 29 27 34 41 108 0]
         [4 53 135 133 44 56 33 23 102 131 0 49 144 34 95 32 132 39 148 12
         39 122 97 137 77 37 99 47 130 0]
         [98 0 0 132 8 1 121 25 61 0 83 74 37 47 106 11 101 93 0 85 41 46 77
         24 43 83 0 1 51 0]
         [150 41 116 42 82 97 129 7 112 13 134 31 78 105 124 17 40 118 95 76
         62 49 27 13 7 30 33 57 126 0]
         [102 117 143 74 137 106 52 93 71 126 97 35 0 88 124 36 9 29 100 49
         134 19 74 69 128 129 123 11 4 0]
         [92 57 65 26 93 93 135 4 95 9 7 0 14 96 76 21 82 46 134 131 64 49
         109 38 120 11 144 105 73 0]
         [23 51 44 56 86 52 97 15 80 105 127 131 9 122 16 17 32 102 86 5 101
         55 81 34 87 7 119 0 115 0]
         [84 8 104 100 22 12 25 27 44 41 96 98 86 153 49 13 117 142 83 130
         11 67 83 78 60 84 63 38 5 0]
         [85 109 57 145 75 39 18 0 79 14 58 122 88 52 17 79 146 70 21 107 119
         79 61 76 32 107 57 2 46 0]
         [132 49 93 15 38 38 81 0 96 91 100 150 77 83 118 76 84 107 90 51 61
         82 77 125 106 23 96 126 19 0]
         [149 126 103 67 114 106 19 49 77 112 52 41 137 55 125 2 134 89 107
         116 29 137 76 50 102 62 29 24 80 0]
         [63 78 90 87 2 10 28 0 77 71 21 105 129 27 120 36 37 11 3 114 80 102
         56 0 79 3 101 21 2 0]
         [83 16 49 10 91 126 92 79 101 0 124 78 19 56 10 1 120 135 61 68 39
         132 108 133 124 46 145 4 57 0]
         [74 121 56 18 115 9 0 59 16 137 23 23 115 34 114 40 5 35 20 113 29
         116 3 89 18 34 147 86 13 0]
         [129 8 88 21 45 64 36 53 138 80 118 9 27 89 0 17 116 124 125 85 111
         70 125 101 0 34 146 102 29 0]
         [87 137 146 27 79 56 147 69 127 42 39 69 95 131 67 125 105 0 25 15
         101 36 21 160 65 137 60 59 59 11]
         [111 93 41 152 45 48 92 90 33 67 59 133 126 118 122 71 51 78 94 68
         14 108 26 140 108 69 50 65 97 0]
         [75 91 6 42 144 102 106 0 52 7 112 43 68 46 75 52 13 21 72 138 38
         45 3 74 117 10 4 132 33 0]
         [120 71 47 0 131 75 138 1 100 122 125 39 39 89 5 27 0 90 133 0 122
         0 1 14 95 75 91 115 38 0]
         [111 117 70 159 33 97 118 0 39 42 125 82 106 25 16 136 35 131 133
         11 0 40 37 92 72 111 55 85 53 0]
         [112 56 127 47 0 96 44 99 13 98 73 92 61 0 115 85 137 80 2 135 72
         57 70 142 11 4 58 1 58 0]
         [24 131 83 8 60 80 7 72 25 1 22 109 12 120 107 88 79 102 112 78 118
         67 73 79 16 24 24 12 87 0]
         [0 30 44 116 96 86 129 75 132 1 95 122 68 130 139 1 32 50 29 97 144
         126 61 54 141 129 104 114 123 0]
         [10 146 93 20 12 124 2 52 26 62 111 47 46 113 110 57 98 123 102 117
         5 18 91 111 133 73 35 22 0 0]
         [39 3 31 48 125 51 33 89 49 147 21 14 124 38 33 21 67 143 66 85 21
         39 154 65 105 119 108 27 40 0]
         [141 132 147 67 18 106 12 53 41 119 82 97 33 79 9 109 83 1 24 74 45
         104 110 26 95 55 66 33 39 0]
         [33 20 31 44 148 83 90 9 120 76 47 76 31 129 63 130 108 58 88 103
         20 6 145 102 19 40 42 91 64 0]
         [31 35 14 89 89 20 82 109 5 144 42 23 46 144 137 38 76 52 59 96 113
         161 144 18 54 130 37 120 91 1]
         [57 127 51 133 81 0 15 85 41 133 68 107 102 10 40 96 3 103 106 3 0
         59 111 65 29 0 121 7 56 1]
         [9 79 22 42 79 50 67 58 0 76 76 5 112 96 4 45 122 19 3 79 13 27 47
         107 8 115 106 47 66 0]]
