
NB_root_items=10;
NB_leaf_items=10;
NB_periods=20;
C=6000;
u=12;
M=1000000;
S = [51,15,20,41,54,26,13,43,44,45,];
H = [10,10,6,8,6,10,6,7,8,5,];
l = [56,68,76,50,87,90,80,100,82,55,];
G = [3,1,3,1,1,2,3,2,2,1,];
A = [[1, 4, 4, 3, 5, 5, 2, 5, 5, 5],
[2, 5, 1, 2, 2, 4, 5, 4, 5, 4],
[4, 3, 2, 4, 2, 5, 5, 2, 3, 1],
[1, 5, 5, 2, 1, 3, 3, 5, 1, 5],
[2, 1, 1, 3, 4, 2, 1, 2, 3, 4],
[2, 5, 4, 4, 1, 4, 5, 3, 1, 3],
[5, 3, 1, 5, 3, 4, 4, 4, 1, 2],
[5, 3, 3, 5, 1, 2, 5, 5, 3, 5],
[1, 2, 4, 1, 5, 5, 2, 4, 1, 2],
[4, 4, 3, 1, 5, 1, 3, 5, 5, 1]];
D = [[199, 56, 58, 123, 106, 175, 151, 122, 148, 186, 135, 149, 155, 121, 98, 102, 180, 64, 170, 156],
[186, 69, 139, 116, 153, 156, 157, 52, 194, 123, 167, 56, 199, 194, 199, 127, 104, 78, 97, 123],
[139, 190, 178, 199, 63, 70, 57, 142, 191, 111, 146, 149, 65, 182, 52, 95, 124, 167, 183, 150],
[129, 70, 183, 72, 150, 73, 63, 191, 112, 113, 52, 88, 116, 139, 63, 195, 76, 174, 76, 79],
[140, 110, 64, 172, 141, 189, 176, 54, 133, 140, 91, 88, 129, 167, 67, 120, 173, 126, 53, 50],
[67, 62, 105, 86, 67, 116, 180, 56, 167, 114, 100, 113, 65, 137, 187, 74, 152, 159, 197, 61],
[159, 181, 56, 129, 194, 153, 194, 181, 72, 71, 144, 120, 115, 125, 145, 187, 110, 97, 185, 90],
[61, 138, 174, 148, 141, 158, 199, 86, 53, 123, 55, 192, 163, 134, 128, 166, 82, 184, 128, 83],
[89, 123, 184, 141, 162, 169, 160, 170, 54, 99, 68, 75, 153, 160, 137, 93, 73, 183, 111, 64],
[153, 83, 87, 75, 96, 190, 78, 171, 67, 83, 137, 115, 153, 86, 192, 89, 176, 178, 82, 115]];
